12 18	0.09090909090909091
12 29	0.18181818181818182
12 34	0.36363636363636365
12 56	0.18181818181818182
12 79	0.09090909090909091
12 92	0.09090909090909091
29 12	0.3076923076923077
29 18	0.07692307692307693
29 34	0.3076923076923077
29 56	0.15384615384615385
29 79	0.07692307692307693
29 92	0.07692307692307693
34 12	0.25
34 18	0.08333333333333333
34 29	0.25
34 56	0.25
34 79	0.08333333333333333
34 92	0.08333333333333333
56 12	0.3
56 18	0.1
56 29	0.2
56 34	0.3
56 92	0.1
79 12	0.2
79 18	0.2
79 29	0.2
79 34	0.2
79 56	0.2
92 12	0.25
92 18	0.08333333333333333
92 29	0.25
92 34	0.25
92 56	0.08333333333333333
92 79	0.08333333333333333
